010044
010150
013301
030138
040088
050025
050126
050135
050145
050228
050295
050471
050543
050546
050779
050780
051339
053301
060003
060012
060015
060104
060116
060118
060124
060133
061308
061344
070004
070034
100047
100071
100086
100113
100177
100249
100276
100281
100287
100298
101312
110008
110043
110142
110161
110252
110779
111305
121300
140011
140046
140054
140095
140100
140135
140148
141324
141330
141339
141351
141352
150042
150048
150051
150056
161328
161368
170023
170049
170109
170175
171388
180043
180046
180056
180066
180092
180138
181308
190007
190116
190167
190270
190779
200001
220002
220016
220030
220077
230005
230055
230092
230097
230099
230146
240001
240036
241322
241342
241356
241365
241366
241369
250017
250038
250152
260034
260200
261331
261333
271332
271340
281300
281338
281353
281357
281361
281363
301300
310011
310012
310022
313300
320022
330047
330049
330055
330065
330094
330101
330141
330158
330169
330267
330332
330799
333301
340015
340042
340156
340188
341315
341328
351302
351303
351331
360001
360016
360041
360056
360059
360066
360068
360086
360092
360112
360172
360245
360259
360361
361304
361306
361307
361318
361328
370199
370243
371322
380005
381310
381320
390001
390003
390006
390048
390067
390133
390137
390237
390270
390337
391300
391305
393302
393304
400003
400019
400106
400110
400117
400123
400126
400128
400130
400140
420033
420049
420073
431305
431309
431310
431316
431328
431339
440035
440039
440058
440102
440120
440137
440144
440193
440218
443303
450080
450144
450686
450694
451308
451309
451310
451334
453300
460003
460006
460010
460015
460021
460041
460043
460051
461301
461302
470024
480001
490017
490032
490050
490059
490067
490069
490084
490092
490094
490097
490098
491300
500031
500044
501321
510002
510029
510091
511309
511317
520028
521307
521341
521358
531311
650001
670331
