010001
010005
010006
010007
010008
010011
010012
010016
010018
010019
010021
010022
010023
010024
010029
010033
010034
010035
010036
010039
010040
010044
010045
010046
010049
010051
010052
010055
010056
010058
010059
010061
010062
010065
010073
010078
010079
010083
010085
010086
010087
010089
010090
010091
010092
010095
010097
010099
010100
010101
010103
010104
010110
010112
010113
010114
010118
010125
010126
010128
010129
010130
010131
010138
010139
010144
010148
010149
010150
010157
010158
010164
010168
010169
010173
010779
010780
010781
011300
011302
011304
011305
011306
011308
013300
013301
020001
020006
020008
020012
020017
020024
020026
021301
021302
021304
021305
021306
021308
021309
021310
021311
021313
021314
030002
030006
030007
030010
030011
030012
030013
030014
030016
030022
030023
030024
030036
030037
030038
030043
030055
030061
030062
030064
030065
030069
030085
030087
030088
030089
030092
030093
030101
030103
030105
030108
030111
030112
030114
030115
030117
030119
030121
030122
030123
030130
030134
030136
030138
030139
030146
030147
030148
030152
030153
030154
030155
031301
031302
031304
031312
031313
031318
031319
033302
040001
040002
040004
040007
040010
040011
040014
040016
040018
040019
040020
040022
040026
040027
040029
040036
040039
040041
040050
040051
040055
040062
040067
040069
040071
040072
040076
040078
040084
040088
040114
040118
040137
040147
040154
040156
040164
040780
040781
040782
041300
041302
041303
041305
041306
041308
041309
041310
041312
041313
041317
041320
041321
041322
041323
041324
041326
041327
041328
041329
041330
041331
041332
041333
041334
043301
050002
050006
050007
050008
050009
050013
050014
050017
050022
050024
050025
050026
050030
050036
050038
050040
050042
050043
050045
050047
050054
050055
050056
050057
050058
050060
050063
050067
050069
050070
050071
050072
050073
050075
050076
050077
050078
050082
050084
050089
050090
050091
050093
050099
050100
050101
050102
050103
050104
050107
050108
050110
050112
050113
050115
050116
050118
050121
050122
050124
050125
050126
050127
050128
050129
050131
050132
050133
050135
050136
050137
050138
050139
050140
050145
050149
050150
050152
050158
050167
050168
050174
050179
050180
050191
050192
050194
050195
050197
050204
050211
050222
050224
050226
050228
050230
050231
050232
050234
050235
050236
050238
050239
050242
050243
050245
050254
050257
050261
050262
050272
050276
050278
050279
050280
050283
050289
050290
050291
050292
050295
050298
050300
050301
050305
050308
050309
050313
050315
050320
050324
050327
050329
050334
050335
050336
050342
050348
050350
050351
050353
050367
050373
050376
050378
050380
050382
050390
050393
050394
050407
050411
050414
050417
050424
050425
050426
050438
050441
050444
050454
050455
050457
050464
050468
050471
050481
050485
050488
050492
050496
050498
050503
050510
050512
050515
050516
050517
050523
050526
050528
050534
050537
050541
050543
050546
050549
050551
050557
050561
050567
050570
050573
050580
050581
050586
050588
050589
050590
050597
050599
050603
050604
050608
050609
050625
050633
050636
050641
050663
050674
050677
050678
050684
050686
050690
050696
050697
050701
050704
050708
050709
050710
050714
050717
050723
050735
050736
050737
050738
050739
050740
050744
050745
050746
050747
050748
050755
050758
050760
050761
050763
050764
050765
050766
050767
050769
050770
050771
050772
050775
050776
050777
050778
050779
050780
050782
050783
050784
050785
050854
050855
051300
051301
051302
051304
051305
051306
051307
051308
051309
051310
051311
051314
051315
051316
051317
051318
051319
051320
051321
051325
051327
051328
051329
051332
051334
051335
051336
051337
051338
051339
053300
053301
053302
053303
053304
053305
053309
053311
060001
060003
060004
060008
060009
060010
060012
060013
060014
060015
060022
060023
060024
060027
060028
060030
060031
060032
060034
060044
060049
060064
060065
060071
060075
060076
060096
060100
060103
060104
060107
060112
060113
060114
060116
060117
060118
060119
060124
060125
060126
060128
060129
060130
060131
060132
060133
061301
061302
061303
061304
061306
061307
061308
061309
061310
061311
061315
061316
061317
061318
061320
061321
061322
061324
061325
061326
061327
061343
061344
063301
063303
070002
070003
070004
070006
070008
070010
070011
070016
070017
070018
070020
070021
070022
070024
070025
070027
070028
070029
070031
070034
070035
070036
070038
073300
080001
080003
080004
080006
080007
080009
083300
090001
090004
090005
090008
090011
093300
100002
100006
100007
100008
100012
100014
100017
100018
100019
100022
100023
100025
100026
100028
100029
100030
100032
100034
100035
100038
100039
100040
100043
100044
100045
100046
100047
100049
100050
100051
100052
100053
100054
100055
100057
100062
100063
100067
100068
100069
100071
100072
100073
100075
100077
100080
100084
100086
100087
100088
100092
100093
100099
100105
100107
100109
100110
100113
100117
100118
100121
100122
100124
100125
100126
100127
100128
100130
100131
100132
100134
100137
100140
100142
100150
100151
100154
100156
100157
100161
100166
100167
100168
100173
100175
100176
100177
100179
100180
100181
100183
100187
100189
100191
100204
100206
100209
100211
100212
100213
100217
100220
100223
100224
100226
100228
100230
100231
100232
100236
100238
100242
100243
100244
100246
100248
100249
100252
100253
100254
100256
100258
100259
100260
100264
100265
100266
100267
100268
100269
100275
100276
100277
100281
100285
100286
100287
100288
100289
100290
100291
100292
100296
100298
100299
100302
100307
100313
100314
100315
100316
100319
100320
100321
100329
100330
100350
100359
100360
100361
100362
100363
100364
100365
101300
101304
101305
101307
101308
101311
101312
101313
101314
101315
103300
103301
103304
110001
110002
110003
110005
110006
110007
110008
110010
110011
110015
110016
110018
110023
110024
110025
110028
110029
110030
110031
110032
110034
110035
110036
110038
110041
110042
110043
110044
110045
110046
110050
110054
110064
110069
110071
110073
110074
110075
110076
110078
110079
110082
110083
110086
110087
110089
110091
110092
110095
110100
110101
110104
110105
110107
110109
110113
110121
110122
110124
110125
110128
110129
110132
110142
110143
110146
110150
110161
110164
110165
110168
110177
110184
110190
110191
110192
110194
110198
110200
110201
110215
110225
110226
110229
110230
110233
110234
110236
110237
110252
110779
110780
110781
111303
111304
111305
111306
111308
111310
111311
111312
111313
111314
111316
111318
111319
111320
111323
111324
111325
111326
111327
111328
111329
111330
111332
111333
111334
111335
111336
113300
113301
120001
120002
120005
120006
120007
120011
120014
120019
120026
120028
121300
121301
121302
121303
121304
121305
121306
121307
121308
123300
123301
130002
130003
130006
130007
130013
130014
130018
130025
130028
130065
130066
130071
130073
130074
131301
131302
131304
131305
131307
131309
131310
131311
131312
131313
131315
131319
131320
131321
131322
131323
131324
131325
131326
131327
131328
140001
140002
140007
140008
140010
140011
140012
140013
140015
140030
140034
140046
140048
140052
140053
140054
140064
140065
140067
140068
140077
140080
140083
140084
140088
140091
140093
140095
140100
140103
140110
140113
140114
140115
140116
140117
140120
140122
140124
140125
140127
140130
140135
140137
140148
140150
140155
140158
140160
140161
140162
140164
140166
140172
140174
140177
140179
140180
140181
140182
140184
140185
140186
140187
140189
140191
140200
140202
140208
140209
140210
140211
140213
140217
140223
140224
140228
140231
140233
140239
140242
140251
140252
140258
140276
140280
140281
140286
140288
140289
140290
140291
140292
140294
140300
140304
141300
141301
141302
141304
141305
141306
141307
141308
141309
141310
141311
141312
141313
141315
141316
141317
141318
141319
141320
141321
141322
141323
141324
141325
141326
141329
141330
141331
141332
141333
141335
141336
141337
141338
141339
141340
141341
141342
141343
141344
141345
141346
141347
141348
141349
141350
141351
141352
141353
141354
141355
143300
143301
143302
150001
150002
150005
150006
150007
150008
150010
150011
150012
150015
150017
150018
150021
150022
150023
150024
150026
150030
150035
150037
150042
150044
150045
150046
150048
150051
150056
150057
150058
150059
150061
150065
150069
150074
150075
150082
150084
150086
150088
150090
150091
150097
150100
150101
150102
150109
150112
150113
150125
150126
150128
150133
150146
150149
150150
150153
150157
150160
150162
150165
150168
150169
150179
150181
150183
150193
150195
151300
151301
151303
151304
151305
151307
151308
151309
151310
151314
151315
151317
151318
151319
151322
151323
151324
151325
151326
151327
151329
151330
151331
151332
151333
151334
160028
160029
160030
160032
160033
160040
160045
160047
160058
160064
160067
160069
160079
160080
160083
160089
160101
160104
160110
160112
160117
160124
160146
160147
160153
161301
161302
161303
161304
161305
161306
161307
161308
161309
161310
161311
161312
161313
161314
161315
161316
161317
161318
161319
161320
161325
161326
161328
161329
161330
161331
161332
161333
161334
161335
161336
161338
161341
161342
161343
161345
161346
161347
161348
161350
161352
161353
161354
161355
161359
161360
161362
161363
161364
161366
161367
161368
161369
161370
161372
161373
161375
161376
161377
161378
161379
161380
161381
161382
170006
170009
170012
170014
170016
170017
170020
170023
170027
170040
170049
170074
170086
170103
170104
170105
170109
170120
170122
170123
170142
170146
170175
170176
170182
170183
170185
170187
170188
170191
170196
170197
170198
170199
170200
170203
170208
171300
171301
171303
171304
171308
171309
171310
171311
171312
171313
171314
171316
171318
171319
171321
171322
171323
171324
171325
171326
171327
171329
171330
171331
171332
171333
171334
171335
171336
171337
171338
171339
171341
171346
171347
171348
171349
171350
171351
171352
171353
171355
171357
171358
171360
171361
171362
171363
171364
171365
171367
171369
171371
171372
171373
171374
171376
171377
171378
171380
171381
171382
171384
171385
171386
171388
173300
180001
180002
180004
180005
180009
180010
180011
180012
180013
180016
180018
180019
180020
180024
180025
180029
180035
180038
180040
180043
180044
180045
180046
180048
180049
180050
180051
180056
180064
180066
180067
180069
180070
180078
180079
180080
180088
180092
180093
180101
180102
180103
180104
180115
180116
180124
180127
180128
180130
180132
180138
180141
180143
180149
180154
180779
181301
181302
181304
181305
181306
181307
181308
181309
181310
181311
181314
181315
181316
181317
181318
181319
181320
181321
181322
181323
181324
181325
181328
181329
181330
181331
181333
181334
190002
190004
190005
190006
190007
190008
190011
190013
190014
190015
190017
190019
190020
190025
190026
190027
190034
190036
190039
190040
190041
190044
190045
190046
190050
190053
190054
190060
190064
190065
190079
190086
190088
190090
190098
190099
190102
190106
190111
190114
190116
190118
190125
190128
190133
190140
190144
190145
190151
190160
190164
190167
190176
190183
190184
190190
190201
190202
190208
190218
190241
190245
190251
190255
190256
190259
190266
190267
190270
190274
190278
190298
190300
190302
190303
190308
190312
190313
190316
190317
190318
190319
190779
191300
191302
191305
191306
191307
191308
191309
191310
191311
191312
191313
191314
191315
191316
191317
191318
191319
191320
191321
191322
191323
191324
191325
191327
193300
200001
200008
200009
200018
200021
200024
200031
200033
200034
200050
200063
201300
201301
201302
201303
201304
201305
201306
201307
201308
201309
201310
201311
201312
201313
201314
201315
201316
210001
210002
210003
210004
210005
210008
210009
210011
210012
210015
210017
210018
210019
210022
210023
210024
210027
210028
210029
210030
210032
210033
210034
210035
210037
210038
210039
210043
210044
210048
210049
210051
210056
210058
210061
210062
210063
210064
210065
213300
213301
220001
220002
220010
220011
220012
220015
220016
220019
220020
220024
220030
220031
220035
220036
220046
220049
220052
220060
220062
220063
220065
220066
220070
220071
220073
220074
220075
220077
220080
220083
220084
220086
220090
220095
220100
220101
220108
220110
220116
220119
220163
220177
221300
221302
221303
221304
223300
223302
223304
230002
230003
230005
230015
230019
230021
230024
230029
230037
230038
230041
230046
230047
230053
230054
230055
230058
230059
230066
230069
230070
230071
230072
230077
230078
230080
230081
230092
230093
230097
230099
230100
230104
230105
230108
230110
230117
230130
230132
230133
230141
230142
230144
230146
230156
230165
230167
230174
230176
230193
230195
230197
230207
230208
230216
230217
230227
230230
230241
230244
230254
230259
230264
230273
230275
230277
230279
230297
230301
230302
230303
230779
231300
231301
231303
231305
231306
231307
231308
231310
231311
231312
231313
231314
231315
231316
231318
231319
231320
231321
231322
231323
231324
231326
231327
231328
231329
231330
231331
231333
231337
231338
231339
231340
233300
240001
240002
240006
240010
240014
240018
240019
240020
240022
240030
240036
240038
240040
240043
240044
240047
240050
240052
240053
240056
240057
240064
240066
240069
240071
240075
240076
240078
240080
240084
240093
240100
240101
240106
240115
240141
240166
240187
240207
240210
240213
240214
240779
241301
241302
241303
241304
241305
241306
241308
241309
241312
241313
241314
241315
241316
241317
241318
241319
241321
241322
241323
241325
241327
241328
241329
241333
241334
241335
241336
241337
241338
241339
241340
241341
241342
241344
241345
241346
241347
241350
241353
241354
241355
241356
241357
241360
241361
241363
241364
241365
241366
241367
241369
241370
241371
241372
241373
241376
241377
241378
241379
241380
241381
243300
250001
250002
250004
250006
250007
250009
250017
250019
250025
250031
250034
250036
250038
250042
250044
250048
250049
250050
250057
250058
250069
250072
250081
250082
250084
250085
250093
250094
250095
250096
250097
250099
250100
250102
250124
250127
250136
250138
250141
250151
250152
250162
250167
250168
250172
250782
251300
251302
251304
251305
251308
251309
251313
251315
251316
251317
251319
251322
251323
251325
251327
251330
251331
251334
251335
251336
251337
260001
260005
260011
260017
260020
260022
260023
260027
260032
260034
260040
260048
260052
260059
260061
260062
260065
260068
260074
260077
260081
260091
260094
260095
260102
260104
260105
260108
260110
260113
260137
260138
260160
260162
260163
260180
260183
260186
260190
260191
260200
260214
260216
260219
260779
261303
261308
261309
261311
261314
261316
261317
261319
261320
261321
261322
261325
261329
261330
261331
261332
261333
261335
261337
261338
263301
263302
263303
263304
270003
270014
270017
270023
270049
270051
270057
270086
271300
271301
271302
271303
271305
271306
271308
271309
271311
271312
271313
271314
271316
271317
271318
271319
271320
271322
271323
271324
271325
271326
271327
271328
271329
271330
271331
271332
271333
271334
271335
271336
271338
271340
271342
271343
271344
271346
271347
271348
271389
280009
280013
280020
280023
280032
280040
280060
280061
280065
280077
280081
280105
280111
280127
280128
280130
280132
280133
280134
280139
280779
281300
281301
281302
281303
281304
281306
281307
281308
281309
281310
281311
281312
281313
281314
281315
281318
281319
281320
281322
281323
281324
281325
281326
281332
281333
281334
281335
281338
281339
281341
281343
281344
281345
281346
281347
281348
281349
281350
281351
281352
281353
281355
281357
281358
281361
281362
281363
281364
281365
283300
283301
290001
290003
290005
290007
290008
290012
290019
290021
290039
290041
290042
290045
290046
290047
290053
290054
290057
290058
290062
291300
291303
291304
291306
291308
291309
291311
291312
291313
291314
300003
300011
300012
300014
300017
300018
300019
300029
300034
301300
301302
301303
301305
301307
301308
301309
301310
301311
301312
310001
310002
310003
310005
310008
310009
310011
310012
310014
310015
310016
310017
310022
310024
310025
310027
310028
310029
310031
310032
310034
310038
310039
310040
310041
310044
310045
310047
310048
310050
310051
310052
310054
310057
310060
310061
310064
310069
310070
310073
310074
310075
310076
310083
310084
310086
310092
310096
310108
310110
310111
310112
310113
310115
310118
310119
310130
313300
313302
320001
320002
320004
320005
320006
320009
320011
320017
320018
320021
320022
320030
320033
320063
320065
320074
320085
320086
320090
320779
321301
321302
321310
321312
321313
330006
330009
330011
330013
330014
330023
330024
330028
330030
330033
330043
330045
330047
330049
330055
330056
330057
330058
330059
330065
330073
330078
330079
330080
330085
330086
330090
330094
330101
330102
330103
330106
330107
330111
330115
330119
330125
330126
330127
330128
330135
330136
330140
330141
330151
330153
330157
330158
330160
330162
330164
330166
330169
330175
330180
330181
330182
330184
330185
330188
330191
330193
330194
330195
330196
330197
330198
330199
330202
330203
330204
330205
330208
330214
330215
330218
330219
330222
330226
330231
330233
330234
330235
330238
330239
330240
330241
330246
330250
330259
330261
330264
330265
330267
330270
330276
330277
330279
330285
330286
330304
330307
330331
330332
330350
330386
330393
330394
330395
330396
330399
330401
330405
330406
330411
330799
331301
331302
331303
331304
331305
331311
331312
331313
331314
331315
331316
331318
331319
331320
331321
331322
331323
333301
340001
340002
340003
340004
340008
340013
340014
340015
340016
340020
340021
340023
340024
340028
340030
340032
340039
340040
340041
340042
340049
340050
340053
340061
340068
340069
340071
340075
340084
340085
340087
340090
340096
340097
340098
340099
340107
340109
340113
340114
340116
340119
340120
340123
340126
340127
340129
340130
340131
340132
340141
340142
340143
340145
340147
340148
340151
340155
340156
340158
340159
340166
340168
340171
340173
340183
340184
340188
340190
340195
341304
341305
341311
341315
341316
341317
341318
341319
341320
341323
341324
341325
341326
341328
341329
350002
350011
350015
350019
350070
351300
351301
351302
351303
351304
351305
351307
351309
351310
351311
351312
351313
351314
351315
351316
351319
351320
351321
351322
351323
351324
351325
351326
351327
351328
351329
351331
351332
351333
351334
351335
351336
360001
360003
360006
360009
360011
360012
360013
360014
360016
360017
360020
360026
360027
360029
360032
360035
360039
360041
360046
360048
360051
360055
360056
360059
360064
360065
360066
360068
360070
360071
360072
360076
360077
360079
360082
360084
360085
360086
360087
360089
360091
360092
360096
360098
360109
360112
360118
360131
360132
360133
360134
360143
360144
360147
360148
360152
360159
360161
360163
360170
360172
360174
360175
360179
360180
360185
360189
360197
360210
360230
360234
360236
360239
360245
360259
360266
360270
360276
360348
360354
360358
360360
360361
360364
360365
360367
360368
360374
360375
361300
361302
361303
361304
361306
361307
361309
361310
361312
361313
361314
361315
361316
361318
361319
361321
361323
361324
361325
361326
361328
361330
361331
361333
361334
361335
363300
363302
363303
363304
363305
363308
363309
370001
370006
370008
370013
370014
370015
370018
370020
370022
370023
370025
370026
370034
370037
370039
370047
370049
370054
370056
370078
370083
370091
370093
370094
370097
370099
370100
370112
370114
370149
370158
370166
370183
370192
370199
370201
370202
370203
370206
370210
370214
370215
370218
370220
370222
370225
370227
370228
370234
370235
370236
370237
370240
370243
370245
370246
370247
370779
370780
370783
371300
371302
371304
371305
371307
371311
371312
371313
371314
371316
371317
371318
371319
371320
371322
371323
371325
371326
371327
371330
371331
371334
371335
371336
371340
371341
371342
373300
373303
380004
380005
380007
380009
380014
380017
380020
380021
380022
380025
380027
380029
380037
380038
380047
380050
380051
380052
380056
380060
380061
380071
380075
380082
380089
380090
380091
380102
380103
381301
381302
381303
381304
381305
381306
381307
381308
381309
381310
381312
381313
381314
381315
381316
381317
381318
381319
381320
381321
381322
381323
381324
381325
383300
390001
390002
390003
390004
390006
390009
390012
390013
390016
390026
390027
390028
390030
390032
390035
390036
390037
390039
390041
390042
390044
390045
390046
390048
390049
390050
390056
390057
390058
390062
390063
390065
390066
390067
390068
390070
390073
390079
390086
390090
390091
390093
390096
390097
390100
390101
390102
390107
390110
390111
390112
390113
390114
390115
390117
390123
390125
390127
390133
390137
390138
390139
390142
390145
390146
390147
390150
390151
390153
390156
390160
390162
390163
390164
390168
390173
390174
390178
390179
390180
390183
390184
390185
390195
390199
390201
390203
390204
390211
390217
390219
390222
390223
390225
390226
390228
390231
390233
390237
390256
390258
390265
390266
390267
390268
390270
390272
390278
390304
390307
390316
390322
390323
390324
390325
390326
390327
390328
390329
390330
390331
390332
390333
390334
390335
390336
390337
390338
390339
391300
391301
391302
391304
391305
391306
391307
391308
391309
391312
391313
391314
391315
391316
391317
391318
393302
393303
393304
393307
393309
400001
400003
400006
400007
400010
400011
400012
400013
400014
400016
400018
400019
400044
400048
400079
400087
400098
400102
400104
400106
400110
400113
400117
400118
400123
400124
400126
400128
400130
400132
400135
400137
400140
410006
410007
410008
410011
410012
410013
420004
420005
420007
420009
420010
420011
420015
420018
420019
420023
420026
420027
420030
420033
420036
420037
420038
420043
420048
420049
420051
420053
420055
420065
420070
420071
420073
420078
420079
420080
420082
420085
420086
420087
420089
420091
420101
420102
420103
420104
420105
420106
420107
420108
420109
420110
421301
421304
423300
430008
430027
430048
430077
430090
430097
431300
431301
431305
431307
431308
431309
431310
431311
431313
431314
431315
431316
431318
431319
431320
431321
431322
431323
431325
431327
431328
431329
431333
431334
431335
431336
431339
440002
440003
440006
440007
440008
440009
440011
440012
440015
440016
440017
440018
440020
440029
440030
440031
440032
440033
440034
440035
440039
440046
440048
440049
440050
440053
440056
440057
440058
440059
440060
440061
440063
440065
440068
440072
440073
440081
440082
440084
440091
440102
440104
440110
440111
440120
440125
440130
440131
440132
440137
440144
440148
440150
440151
440152
440153
440156
440159
440161
440173
440175
440176
440184
440185
440187
440192
440193
440194
440197
440200
440218
440227
440228
440231
440238
440779
441300
441301
441303
441305
441306
441307
441309
441313
441314
441316
441320
441323
443302
443303
450002
450007
450010
450011
450015
450021
450023
450024
450029
450032
450034
450035
450039
450040
450042
450046
450051
450054
450055
450056
450064
450068
450072
450079
450080
450082
450083
450087
450090
450092
450097
450101
450102
450107
450119
450124
450128
450132
450133
450135
450137
450143
450144
450147
450148
450152
450154
450155
450162
450163
450165
450176
450184
450193
450194
450196
450200
450203
450209
450210
450211
450213
450222
450229
450231
450235
450236
450237
450241
450253
450271
450272
450289
450292
450324
450330
450346
450347
450351
450352
450358
450370
450372
450379
450388
450389
450395
450399
450400
450403
450411
450419
450422
450424
450431
450447
450451
450460
450462
450465
450475
450484
450489
450508
450518
450537
450539
450563
450571
450573
450596
450597
450604
450610
450617
450634
450638
450639
450641
450643
450644
450647
450651
450654
450659
450661
450662
450669
450670
450672
450674
450675
450677
450678
450684
450686
450690
450694
450698
450702
450709
450711
450713
450718
450723
450742
450743
450747
450755
450771
450774
450775
450779
450788
450801
450804
450808
450809
450820
450822
450825
450827
450828
450833
450834
450840
450844
450847
450848
450851
450853
450855
450856
450860
450862
450864
450865
450867
450869
450872
450876
450880
450883
450885
450888
450890
450891
450893
451303
451305
451308
451309
451310
451311
451312
451313
451316
451317
451318
451319
451322
451323
451324
451325
451331
451334
451335
451339
451344
451348
451349
451353
451356
451358
451359
451362
451365
451367
451369
451370
451371
451372
451373
451374
451375
451376
451377
451378
451379
451380
451381
451382
451384
451385
451386
451387
451389
451390
451391
451392
451395
451396
451397
451398
451399
453300
453301
453304
453306
453310
453311
453314
453315
453316
453317
453319
453321
460001
460003
460004
460005
460006
460007
460009
460010
460011
460013
460015
460017
460021
460023
460026
460030
460039
460041
460042
460043
460044
460047
460051
460052
460054
460057
460058
460060
460061
460062
461300
461301
461302
461303
461304
461305
461306
461307
461308
461309
461310
461333
463301
470001
470011
470012
470024
471300
471301
471302
471303
471304
471305
471306
471307
480001
490002
490004
490007
490013
490017
490019
490020
490023
490024
490032
490038
490040
490041
490042
490043
490044
490045
490046
490048
490050
490053
490057
490059
490060
490063
490066
490067
490069
490075
490077
490084
490089
490090
490092
490093
490094
490097
490098
490101
490104
490107
490110
490111
490112
490113
490114
490115
490116
490117
490118
490119
490120
490122
490126
490127
490136
490141
490143
490144
490145
491300
491302
491303
491304
491307
491308
491309
493301
500002
500005
500007
500014
500016
500019
500021
500024
500025
500026
500027
500031
500033
500037
500041
500044
500050
500051
500052
500053
500054
500058
500072
500077
500088
500108
500129
500150
500151
500152
501301
501302
501303
501304
501305
501307
501308
501309
501311
501312
501313
501315
501316
501317
501318
501319
501320
501321
501322
501323
501324
501325
501326
501328
501329
501330
501332
501333
501334
501335
501336
501337
501338
501339
501340
503300
503301
503302
510001
510002
510006
510007
510008
510012
510013
510022
510023
510024
510029
510030
510038
510048
510050
510055
510058
510062
510070
510072
510086
510091
510093
510094
511300
511301
511303
511304
511306
511307
511308
511309
511310
511312
511313
511314
511315
511317
511320
511322
520002
520004
520009
520011
520019
520021
520028
520030
520033
520034
520035
520037
520038
520041
520044
520045
520049
520051
520057
520059
520063
520070
520075
520076
520078
520083
520087
520088
520091
520095
520096
520097
520098
520100
520102
520103
520107
520109
520113
520116
520136
520138
520160
520177
520189
520193
520194
520196
520198
520202
520205
520206
520207
520208
520210
520212
520213
520214
520215
521300
521302
521303
521304
521305
521307
521308
521309
521310
521311
521313
521314
521315
521316
521317
521318
521319
521321
521322
521323
521324
521325
521326
521327
521328
521330
521332
521333
521334
521335
521337
521338
521339
521340
521341
521343
521344
521345
521346
521349
521350
521352
521355
521356
521358
523300
523302
530002
530006
530008
530012
530014
530025
530034
531302
531303
531305
531306
531308
531309
531310
531311
531312
531315
531316
531318
531319
640001
650001
670006
670008
670010
670023
670025
670031
670034
670041
670043
670044
670049
670053
670055
670056
670059
670060
670062
670067
670068
670069
670071
670073
670075
670077
670078
670080
670082
670085
670088
670090
670093
670102
670103
670106
670107
670108
670109
670112
670115
670122
670124
670125
670128
670131
670132
670134
670135
670136
670260
670265
670266
670267
670285
670300
670309
670314
670320
670322
670326
670327
670331
670333
670335
670340
670342
670780
671302
