010005
010006
010007
010008
010011
010012
010018
010019
010021
010024
010029
010033
010035
010039
010044
010046
010052
010056
010059
010061
010062
010065
010078
010085
010086
010087
010089
010090
010092
010099
010100
010103
010112
010113
010118
010120
010125
010126
010128
010129
010130
010131
010138
010150
010157
010158
010164
010168
010173
010781
011300
011302
011304
011305
011306
011308
013300
013301
020001
020018
021301
021302
021304
021306
021308
021310
021311
030006
030007
030010
030012
030013
030014
030022
030037
030038
030055
030062
030085
030087
030092
030101
030108
030114
030117
030121
030123
030136
030138
030139
030146
030148
031302
031304
031312
031313
031319
033302
040002
040004
040011
040014
040016
040022
040029
040050
040067
040071
040078
040088
040137
040164
041302
041306
041309
041310
041313
041317
041320
041326
041330
041331
041332
050002
050006
050007
050009
050014
050022
050024
050025
050030
050040
050057
050060
050063
050067
050069
050070
050071
050072
050073
050075
050078
050093
050101
050102
050104
050107
050108
050110
050115
050116
050118
050122
050124
050125
050126
050127
050128
050131
050135
050136
050137
050138
050139
050140
050145
050168
050174
050180
050194
050195
050204
050224
050231
050235
050238
050242
050243
050248
050254
050262
050272
050276
050278
050279
050283
050290
050291
050292
050300
050309
050313
050315
050320
050327
050329
050342
050348
050351
050353
050367
050373
050376
050378
050390
050393
050394
050411
050417
050425
050426
050438
050441
050464
050471
050481
050496
050498
050510
050512
050515
050517
050523
050526
050534
050537
050541
050543
050546
050549
050551
050561
050567
050570
050580
050581
050589
050590
050597
050599
050604
050609
050636
050663
050674
050677
050686
050690
050696
050697
050704
050709
050710
050714
050717
050723
050735
050736
050746
050747
050748
050758
050760
050761
050763
050765
050766
050767
050769
050770
050772
050775
050777
050778
050779
050780
050785
050855
051304
051308
051309
051311
051314
051315
051318
051324
051328
051329
051330
051332
051334
051339
053300
053301
053303
053305
060003
060004
060006
060009
060010
060014
060022
060023
060024
060028
060032
060034
060049
060071
060075
060076
060096
060100
060107
060116
060124
060128
060129
060130
060131
060132
061301
061306
061307
061308
061309
061315
061318
061321
061326
061343
061344
070003
070004
070006
070008
070017
070020
070021
070022
070024
070027
070028
070034
070035
070036
070038
073300
080006
083300
090008
100006
100012
100017
100018
100019
100022
100025
100028
100029
100030
100032
100034
100035
100047
100050
100051
100052
100053
100063
100071
100073
100084
100086
100092
100110
100113
100122
100125
100127
100128
100130
100142
100150
100157
100167
100175
100176
100177
100181
100183
100187
100209
100212
100217
100224
100228
100231
100249
100253
100258
100268
100275
100276
100277
100286
100287
100288
100290
100291
100292
100296
100298
100299
100302
100314
100315
100316
100320
100329
100330
100350
100365
101307
101308
101311
101312
101313
101314
101315
103300
103301
103304
110002
110003
110005
110007
110008
110011
110015
110016
110018
110028
110029
110030
110031
110032
110034
110035
110041
110042
110043
110044
110045
110046
110051
110064
110073
110074
110082
110083
110086
110087
110091
110092
110095
110100
110104
110124
110125
110142
110143
110150
110161
110164
110177
110184
110191
110192
110194
110198
110200
110201
110215
110225
110229
110237
110252
110779
110781
111303
111304
111305
111311
111312
111313
111314
111316
111318
111319
111320
111323
111325
111328
111333
111335
111336
120001
120005
120007
120011
120014
120019
120026
120028
121300
121301
121302
121303
121304
121305
121308
123300
130002
130007
130013
130014
130025
130028
130065
130066
130074
131302
131304
131305
131307
131313
131315
131318
131319
131324
131327
140007
140008
140010
140011
140012
140029
140046
140052
140054
140063
140065
140067
140068
140077
140080
140083
140084
140088
140093
140095
140100
140101
140110
140113
140114
140115
140116
140119
140122
140124
140130
140135
140137
140148
140150
140155
140158
140161
140174
140177
140179
140180
140186
140187
140191
140210
140211
140217
140224
140228
140233
140239
140242
140252
140276
140280
140281
140286
140292
140294
140300
140304
141300
141301
141302
141303
141307
141308
141310
141312
141313
141315
141318
141320
141323
141324
141325
141327
141329
141330
141331
141332
141337
141339
141340
141341
141342
141343
141344
141348
141351
141352
141353
141354
143301
150001
150002
150005
150006
150007
150011
150012
150017
150021
150023
150030
150035
150042
150045
150046
150048
150051
150056
150059
150061
150069
150075
150082
150091
150097
150101
150102
150104
150113
150125
150133
150146
150149
150150
150153
150160
150168
150179
150183
150195
151304
151305
151310
151313
151318
151322
151323
151326
151327
151329
151332
151333
151334
160001
160013
160016
160029
160030
160032
160047
160058
160064
160067
160069
160080
160082
160083
160089
160104
160124
160153
161301
161302
161303
161305
161306
161315
161316
161317
161318
161319
161320
161323
161326
161328
161329
161332
161333
161334
161337
161338
161339
161341
161342
161343
161345
161349
161350
161353
161354
161355
161358
161359
161360
161361
161363
161364
161367
161368
161369
161370
161373
161374
161377
161378
161379
170009
170016
170017
170020
170023
170027
170040
170049
170074
170086
170103
170109
170120
170123
170146
170176
170183
170188
170191
170196
170197
170198
170199
170200
171303
171306
171309
171311
171313
171315
171319
171323
171326
171330
171331
171332
171335
171336
171337
171341
171344
171346
171348
171350
171351
171352
171353
171355
171357
171358
171360
171361
171363
171364
171368
171369
171375
171378
171379
171380
171383
171384
171386
180002
180004
180005
180009
180010
180011
180013
180016
180020
180027
180038
180040
180043
180044
180046
180051
180056
180064
180066
180067
180069
180070
180078
180088
180092
180101
180105
180115
180116
180124
180128
180132
180138
180141
180143
180149
180154
180779
181301
181302
181304
181306
181307
181308
181314
181316
181317
181318
181320
181321
181323
181324
181325
181328
181330
181333
181334
190002
190004
190005
190006
190007
190008
190011
190013
190014
190015
190017
190020
190026
190036
190039
190045
190046
190053
190054
190060
190064
190086
190090
190098
190102
190106
190111
190116
190118
190128
190144
190145
190151
190167
190183
190202
190218
190241
190245
190251
190255
190256
190259
190266
190270
190274
190300
190302
190303
190312
190313
190316
190317
190779
191302
191306
191307
191308
191309
191313
191314
191316
191317
191318
191321
191323
191324
191325
191327
200008
200009
200018
200020
200021
200033
200050
200063
201300
201301
201302
201303
201304
201306
201307
201308
201309
201311
201312
201313
201314
201315
201316
210001
210002
210003
210004
210009
210011
210019
210022
210023
210027
210029
210030
210032
210035
210037
210038
210043
210048
210049
210051
210058
210063
210064
210065
213300
213301
220001
220002
220010
220015
220019
220020
220024
220030
220035
220049
220063
220066
220071
220073
220075
220080
220090
220095
220101
220116
220163
220177
221300
221304
223304
230002
230003
230005
230015
230021
230029
230037
230046
230047
230053
230054
230055
230058
230059
230066
230069
230070
230071
230072
230078
230081
230092
230093
230097
230099
230100
230104
230108
230110
230132
230133
230142
230146
230156
230165
230174
230176
230195
230208
230217
230236
230273
230277
230279
230297
230301
230302
230303
230779
231300
231301
231306
231308
231311
231316
231322
231323
231327
231330
231337
231338
231339
240001
240006
240014
240036
240040
240044
240052
240053
240056
240066
240069
240078
240080
240106
240187
240207
240210
240213
240214
240779
241301
241305
241306
241308
241312
241314
241317
241319
241322
241323
241329
241332
241334
241335
241336
241337
241339
241342
241344
241353
241356
241363
241364
241366
241367
241369
241372
241373
241378
241379
250001
250002
250004
250007
250009
250017
250025
250027
250031
250036
250038
250042
250043
250050
250057
250069
250072
250077
250082
250084
250085
250094
250095
250096
250102
250124
250136
250138
250152
250162
250167
250168
250172
250782
251300
251302
251304
251305
251308
251312
251316
251319
251322
251323
251325
251327
251335
251337
260006
260017
260022
260027
260034
260040
260048
260061
260074
260094
260102
260108
260113
260141
260163
260183
260186
260190
260200
260216
260219
260779
261308
261309
261314
261320
261321
261325
261328
261329
261330
261333
261337
261340
263302
263303
270003
270014
270017
270023
270049
270051
271300
271302
271306
271308
271309
271312
271313
271314
271317
271319
271321
271324
271327
271328
271329
271330
271331
271332
271334
271336
271337
271340
271341
271342
271343
271346
271347
271348
280013
280032
280040
280061
280077
280127
280133
280134
281300
281302
281303
281304
281306
281308
281309
281316
281318
281319
281324
281333
281338
281343
281345
281347
281348
281349
281350
281352
281353
281355
281357
281361
281362
281363
281364
281365
290001
290003
290005
290007
290008
290021
290039
290041
290057
290062
291300
291304
291307
291308
291311
300003
300014
300017
300018
300029
301300
301302
301303
301308
301309
301312
310002
310003
310005
310008
310011
310012
310014
310015
310022
310024
310027
310028
310029
310031
310032
310034
310038
310039
310041
310048
310050
310051
310052
310057
310061
310069
310073
310074
310075
310076
310084
310086
310108
310110
310118
310119
313300
313302
320001
320009
320011
320017
320021
320022
320033
320065
320074
320085
320086
320090
321302
321309
321310
321313
330011
330014
330023
330024
330027
330028
330030
330033
330043
330045
330049
330055
330057
330059
330065
330073
330080
330085
330086
330094
330101
330102
330103
330106
330107
330115
330119
330125
330127
330136
330141
330158
330160
330162
330164
330166
330169
330181
330184
330185
330188
330194
330195
330196
330198
330199
330202
330203
330214
330215
330218
330226
330231
330234
330238
330239
330241
330259
330261
330264
330265
330267
330270
330276
330277
330285
330304
330331
330332
330350
330393
330394
330396
330399
330406
330411
330799
331301
331304
331305
331311
331312
331316
331318
331320
331321
331323
333301
340003
340004
340013
340014
340015
340030
340039
340042
340047
340049
340050
340053
340061
340064
340069
340085
340087
340090
340096
340097
340099
340107
340113
340114
340119
340120
340123
340126
340129
340132
340141
340147
340148
340155
340156
340158
340159
340168
340171
340173
340183
340188
340190
340195
341305
341311
341315
341316
341317
341318
341319
341323
341324
341328
351300
351301
351302
351303
351305
351311
351312
351314
351316
351319
351320
351328
351331
351332
351335
360001
360002
360003
360006
360009
360011
360012
360013
360014
360016
360020
360026
360029
360035
360041
360048
360051
360055
360056
360059
360064
360066
360068
360071
360075
360078
360079
360085
360086
360087
360092
360098
360109
360112
360118
360123
360133
360137
360143
360145
360147
360148
360152
360161
360172
360174
360189
360197
360230
360239
360245
360266
360276
360348
360354
360358
360359
360361
360367
360368
360375
361300
361302
361303
361304
361306
361307
361308
361309
361313
361314
361324
361328
361330
361335
363302
363305
363309
370001
370006
370008
370015
370022
370023
370025
370039
370049
370054
370057
370078
370083
370091
370093
370099
370158
370166
370183
370192
370199
370201
370202
370206
370210
370214
370215
370216
370218
370220
370225
370234
370236
370237
370240
370243
370779
370780
371311
371314
371316
371318
371322
371323
371325
371327
371330
371331
371336
373300
373303
380001
380004
380005
380007
380009
380014
380017
380021
380025
380029
380037
380038
380052
380056
380061
380071
380075
380082
380089
380091
380102
380103
381301
381303
381306
381309
381310
381312
381315
381316
381318
381320
381322
390002
390004
390012
390013
390016
390026
390027
390028
390036
390037
390039
390041
390042
390044
390045
390046
390048
390056
390058
390062
390063
390066
390067
390068
390070
390073
390079
390086
390090
390091
390096
390097
390100
390101
390102
390107
390110
390111
390114
390115
390117
390123
390125
390127
390133
390137
390138
390142
390146
390147
390150
390151
390153
390164
390168
390173
390174
390178
390180
390184
390185
390195
390199
390201
390203
390204
390222
390223
390225
390226
390231
390233
390237
390256
390265
390268
390272
390304
390316
390322
390324
390325
390327
390328
390329
390331
390336
390338
390339
391301
391302
391305
391307
391308
391312
391313
391314
391315
391316
391317
391318
393302
393304
400001
400003
400006
400007
400010
400011
400012
400013
400016
400018
400019
400044
400048
400079
400087
400098
400102
400104
400106
400110
400113
400117
400118
400123
400126
400128
400130
400132
400135
400137
400140
410007
410012
410013
420004
420009
420015
420018
420019
420026
420030
420033
420036
420037
420038
420048
420049
420053
420055
420070
420073
420078
420079
420080
420086
420087
420091
420102
420103
420104
420106
420108
420110
430048
430077
431300
431305
431309
431310
431315
431316
431320
431321
431323
431325
431328
431334
431335
431339
440002
440003
440006
440007
440008
440009
440012
440015
440017
440018
440029
440030
440031
440033
440034
440035
440039
440046
440049
440056
440058
440059
440060
440061
440063
440065
440068
440072
440081
440084
440102
440111
440120
440132
440137
440144
440148
440150
440152
440153
440156
440159
440161
440173
440176
440187
440193
440194
440197
440200
440218
440227
440228
440231
440779
441301
441305
441307
441309
441314
441316
441320
443303
450002
450007
450010
450015
450024
450029
450039
450040
450044
450051
450055
450064
450080
450083
450090
450097
450107
450124
450128
450133
450135
450144
450147
450148
450154
450155
450165
450176
450194
450196
450200
450209
450210
450213
450222
450229
450292
450324
450330
450347
450351
450352
450358
450379
450388
450389
450400
450419
450424
450447
450460
450462
450475
450484
450508
450518
450537
450539
450584
450596
450597
450604
450617
450638
450639
450641
450643
450644
450654
450661
450662
450670
450674
450677
450678
450686
450690
450698
450702
450709
450711
450718
450723
450743
450747
450755
450771
450774
450775
450779
450788
450804
450808
450809
450820
450825
450827
450834
450840
450844
450860
450869
450872
450876
450888
450891
450893
451303
451308
451309
451310
451311
451312
451314
451316
451317
451318
451324
451325
451331
451334
451335
451339
451349
451353
451359
451367
451370
451372
451373
451375
451376
451377
451379
451380
451387
451389
451390
451395
451396
451398
453300
453301
453304
453306
453310
453314
453317
453319
453321
460001
460003
460005
460006
460009
460010
460013
460014
460015
460021
460041
460042
460043
460044
460051
460052
460057
460058
460060
460061
460062
461300
461301
461302
461303
461305
461307
461309
461333
463301
470024
471302
471303
471304
471305
471307
480001
490002
490017
490019
490020
490040
490041
490043
490045
490048
490050
490053
490059
490063
490067
490069
490084
490092
490094
490097
490098
490101
490104
490107
490110
490111
490114
490115
490116
490118
490122
490126
490143
490144
490145
491300
491303
491307
491308
491309
500002
500005
500007
500014
500015
500016
500019
500024
500025
500026
500027
500031
500041
500044
500050
500051
500052
500053
500054
500058
500072
500077
500079
500088
500119
500129
500150
500152
500154
501302
501303
501304
501305
501307
501308
501309
501310
501312
501316
501318
501320
501321
501323
501324
501326
501327
501328
501329
501332
501333
501334
501336
501337
501339
501340
503301
510001
510006
510012
510013
510023
510024
510029
510030
510038
510048
510050
510070
510072
510086
510091
510093
510094
511301
511303
511306
511309
511310
511312
511313
511314
511315
511320
511322
520011
520028
520037
520045
520075
520076
520087
520089
520091
520098
520103
520107
520109
520116
520139
520160
520194
520196
520202
520205
520210
520212
520215
521303
521304
521307
521309
521310
521316
521318
521321
521323
521326
521327
521328
521330
521334
521335
521341
521343
521344
521345
521346
521349
521350
521352
521355
521358
530008
530025
530034
531303
531305
531306
531308
531309
531310
531311
640001
650001
670006
670023
670044
670049
670055
670068
670069
670071
670073
670077
670085
670090
670106
670112
670122
670124
670125
670132
670260
670265
670266
670267
670300
670309
670314
670322
670331
670333
670335
670340
670342
671302
