010044
010058
010126
010150
030115
030138
040011
040088
040780
040782
050025
050135
050145
050179
050195
050390
050438
050471
050517
050543
050546
050779
050780
050785
051302
051327
051339
060023
060028
060116
061308
061309
070003
070004
070020
070034
100047
100071
100086
100113
100177
100249
100276
100277
100287
100298
101312
110008
110023
110043
110071
110086
110087
110142
110161
110164
110194
110252
110779
111305
111318
121300
130002
131311
131319
131323
131327
140011
140029
140046
140054
140063
140100
140119
140135
140148
140181
140228
140251
141313
141324
141329
141330
141339
141351
141352
141353
150042
150048
150051
150056
150125
161316
161317
161328
161368
170049
170109
171348
171384
180013
180043
180046
180056
180066
180092
180138
180141
181308
181314
181318
181324
190006
190007
190011
190014
190053
190098
190116
190167
190270
190300
190302
190317
190779
191302
191318
200001
201307
210002
210003
210005
210030
210035
210037
210038
210043
210049
210058
220002
220030
230055
230092
230097
230146
240001
240036
241322
241329
241335
241342
241356
241365
241366
241369
250017
250038
250095
250152
250782
260034
260137
260200
261311
261331
261332
261333
270017
270049
271329
271332
271340
281300
281316
281326
281338
281353
281357
281361
281362
281363
300003
301300
301308
310011
310012
310022
310027
310061
313300
330023
330027
330030
330033
330043
330045
330047
330049
330065
330073
330085
330094
330106
330107
330119
330125
330136
330141
330158
330160
330162
330169
330181
330195
330197
330198
330214
330261
330265
330331
330332
330395
330399
330411
330799
331305
331311
331312
331315
331320
331322
333301
340015
340042
340050
340061
340147
340156
340188
341311
341315
341323
341328
351302
351303
351311
351316
351324
351328
351331
360001
360016
360041
360046
360056
360059
360064
360066
360086
360092
360112
360134
360172
360179
360245
360361
361304
361306
361307
361330
370199
370243
371322
371323
380005
380009
380056
381305
381310
381320
390001
390003
390006
390048
390056
390067
390086
390133
390137
390164
390237
390270
390337
391300
391305
391312
391315
393302
393304
400001
400003
400006
400012
400016
400019
400102
400106
400110
400117
400118
400123
400126
400128
400130
400140
420027
420033
420049
420073
431305
431309
431310
431316
431328
431339
440035
440039
440058
440060
440102
440120
440137
440144
440193
440218
441316
441320
443303
450144
450241
450686
451309
451310
451312
451318
451331
451334
451385
453300
460006
460010
460015
460021
460043
461301
461302
461309
470024
480001
490017
490020
490032
490048
490050
490059
490067
490069
490084
490092
490094
490097
490098
491300
500016
500031
500044
501302
501308
501321
503300
510024
510029
510091
511309
520028
520087
520098
521304
521307
521309
521316
521341
521344
521358
531311
650001
670125
670266
670314
