010058
010126
030115
040780
040782
050145
050179
050195
050390
050517
050785
051302
051327
060023
060028
060116
070003
070020
100287
110023
110071
110164
130002
140029
140063
140119
140251
141353
150125
161316
161317
171348
171384
180013
181314
181318
181324
190006
190011
190014
190053
190098
190302
190317
191302
191318
210005
241335
261311
270017
270049
281316
281326
301308
310027
330027
330030
330033
330073
330085
330125
330136
330197
330198
330214
330265
330399
330411
331305
331311
331312
331315
331320
331322
340050
340061
340147
341311
341323
351311
351324
360064
361330
371323
380009
381305
390056
390086
391312
391315
400006
400016
400102
400118
420027
450241
451312
451318
451331
451385
500016
501302
503300
510024
520087
521304
521309
521316
521344
670125
670266
670314
