380005
190779
180043
451310
180138
260034
491300
220030
371322
271340
181308
150075
333301
490017
490069
490094
490092
490097
490067
490059
180046
100276
100086
510091
100177
340188
341315
310011
340113
400140
040011
340156
393304
313300
521307
330332
030138
180092
141351
330265
330799
050747
050543
330094
381320
281363
150113
050145
150007
431309
431316
490098
520103
051334
050394
161320
331316
050060
161317
451325
390110
391302
391317
390062
500016
073300
050276
420049
040029
453300
453317
241312
440059
220015
451331
310014
310076
010164
251327
471305
140029
031312
381312
100183
371325
230093
231338
230110
231339
231323
230176
230078
230142
230003
450825
330277
050329
450788
451379
360109
431339
501308
453306
320065
450755
450539
230070
450040
251325
261325
260094
260040
261329
451353
161369
141343
010008
011308
670090
010131
110104
180779
531311
250096
521330
330203
390180
331301
450597
010035
181317
440009
381322
241353
190303
010099
271302
010021
041317
450379
050122
271342
041302
150061
510030
070003
501302
010092
450147
180056
150082
140294
141342
500044
310031
151332
171352
140135
010085
231311
271314
440148
010012
331312
453310
450124
100258
060071
250082
041326
440159
191307
050243
050709
291311
100175
190118
230273
491303
230055
030136
030139
360358
451390
341305
050785
400006
400132
400137
100296
110177
360152
450643
050118
450869
050464
101307
101314
400102
400118
110092
050242
110194
521358
110073
431305
100277
201311
390203
321302
453321
453301
371331
360348
340129
340155
340030
151318
370023
150150
440072
443303
341328
110142
150179
110125
141324
461301
101312
100298
161368
050780
300014
351303
390048
250036
180101
360245
271332
150042
330158
100287
060116
140046
380014
370054
500031
250782
361304
131327
161303
650001
100330
100017
281300
230104
140210
100209
100167
100110
100320
100231
060014
060032
450617
450222
450775
450638
670106
450097
450670
450644
060034
351332
261321
010019
281308
440008
290057
450229
241339
150005
490118
361309
150030
230092
230279
230053
230165
230302
230047
450155
390036
390037
261314
140011
220095
050279
100053
171341
111320
340004
250172
050320
330164
180005
341316
010061
441307
440003
441301
450604
010138
451395
360230
370039
370099
370183
370015
370202
370001
231316
141332
171357
380021
230037
120005
420080
490104
360276
050224
050769
361330
171369
230072
050063
251319
100019
171319
210065
031313
100073
210004
460003
321310
460041
460051
220080
520107
310008
390097
271347
220024
100125
030014
030092
030121
030038
030087
030123
030146
030037
191309
141330
161354
400135
400079
171330
171346
400044
330270
400010
400104
400018
400013
400048
400011
400113
400117
400130
400126
400003
390111
400012
400087
400128
400019
400110
400123
400098
201308
450424
450709
670342
450358
450820
670122
670077
450844
281338
520091
141354
140137
521310
140187
521335
310118
330267
301312
340097
161334
291308
450352
310005
050526
050438
010039
450347
230132
431335
230277
240187
170020
230195
190054
130074
141315
390168
440176
390173
150056
150051
140191
490040
490101
490063
490043
490122
140158
360055
310069
310032
370240
370236
370006
460044
461300
461333
461307
460061
060004
461303
460062
270049
060023
460001
460010
161301
161302
340039
141353
110779
500007
530025
041306
373300
010781
010168
370022
161329
511320
100022
100142
010024
010128
191317
140177
180116
440002
141352
330127
351314
330014
351335
181325
111303
140239
101315
111333
390231
281319
161364
371311
390329
390142
390115
501323
390265
110100
390012
040071
310086
111311
281365
180051
051309
310074
310073
171309
310108
051304
070036
050534
140124
050496
050180
490020
330185
103300
210029
210009
210048
440063
531308
281350
070008
150001
241314
040002
340090
490053
161306
450039
100253
500058
121304
050674
050510
120011
050760
050723
050139
050512
050710
050138
050075
050609
050137
050541
050772
050425
050515
050777
050855
050411
050070
050767
050072
050561
050677
050073
050140
050748
380103
050686
050765
050604
050071
050690
500052
380091
231301
461309
170188
170197
170196
170183
123300
230297
121301
121300
050057
281306
280134
171313
050696
061343
450827
330102
213301
181334
161315
050315
051314
420048
360133
360026
360079
360239
360368
250057
180009
171378
030055
330202
360361
171332
171331
141301
501333
241336
501316
450128
181328
161355
121302
120019
150133
161353
120007
121308
050763
050580
170120
050376
050040
050717
521318
191325
261320
190259
440033
190060
501334
180132
381309
450596
360098
360367
010052
240052
260186
241308
010125
230021
100157
160124
100130
370199
460042
240066
241301
241329
100299
191321
450698
121305
390100
171303
190020
521350
143301
450029
100181
100050
450107
190145
441314
451376
251305
141344
220010
010059
041309
640001
460006
391308
440081
491309
100012
260190
380007
380017
380089
380025
500150
380029
670112
670265
670322
390133
390338
390185
390201
330119
190183
210064
490126
490110
490116
490048
420073
340096
281361
451375
111335
111314
341317
241344
451324
360009
451303
171360
061306
501305
330080
440102
280127
201302
370214
171358
351328
351311
331311
041320
301302
271317
181320
440187
361303
171326
271334
271328
271336
270051
460015
510048
050778
050327
050770
050110
460060
490114
330141
330195
060003
060128
450702
140083
161370
320033
050663
050373
050549
131324
501337
320009
320086
320074
320017
220063
390070
100150
140008
140276
450876
161341
053305
210023
210051
360087
150017
060009
240207
240078
240210
240080
240213
231306
140054
441305
241323
161326
101311
360189
241372
130025
191314
431300
451316
271329
250124
390114
250009
040067
361314
161379
240779
330194
390195
201316
200009
200021
200063
201315
201312
150097
100035
070027
371330
021310
161332
240214
181301
151329
331304
340132
050107
360147
101313
100212
150011
250085
360011
010044
051332
231330
141331
050254
441309
010005
520037
520076
520210
521328
520212
521323
520011
520215
520202
221300
050779
181316
503301
160030
300003
490041
280032
360197
360143
141313
501336
141323
220075
220071
451309
241366
360092
140148
361306
360056
230059
360001
360066
330259
220066
190167
360172
360112
161377
160080
160083
160069
161378
161319
160032
160064
161338
160153
160067
250072
250038
250084
250138
250031
250094
250136
210001
291307
670340
450723
450051
280077
250167
450388
670055
450165
670073
050590
181306
150002
440049
160047
670023
670069
440034
670300
450537
670132
440111
360059
400106
330199
360161
170109
360051
451396
670331
501328
380001
061318
180020
070020
450133
070017
141302
520205
140100
520109
461305
220090
241356
111305
201307
390256
321309
190144
271331
131319
170199
171368
511303
050704
450176
250102
250152
260108
261337
260113
171375
161323
010007
461302
260074
010113
431325
051330
121303
510093
510024
301309
310075
310084
010120
111318
161342
180105
150183
251302
190245
050758
330059
330086
330184
330264
050736
161363
060006
431323
431320
430077
430048
431321
190116
181307
111304
281318
171379
140101
141329
440030
310015
171386
100127
100063
260006
261340
261328
220002
360375
360035
360266
360012
201304
291300
390268
420104
330169
330024
100034
330198
330188
213300
111336
130065
460013
320085
460014
290039
271306
351301
471302
061321
031319
451335
451372
500015
500154
500079
500119
231308
230081
230058
230303
230133
230097
241319
180027
420019
420026
420091
420036
420055
420004
370057
161374
250007
110003
450508
220177
100018
330027
190007
330276
060107
040078
363305
363309
050248
450447
110150
390204
280133
281324
171315
083300
103304
171380
250043
171336
260061
190313
241378
330101
330055
310002
330030
420053
371336
171384
501310
310028
220101
110045
330065
330238
103301
281303
170103
450641
370008
221304
010006
010157
450809
010129
531309
131302
340047
340049
670049
471304
120028
240001
250004
250025
190015
100122
241317
100029
220035
330106
450090
241337
501321
290005
100365
050367
010078
110041
110237
110029
260022
290008
471303
031302
330049
051324
200018
201300
201301
200033
200050
201309
200008
201313
190086
271348
340003
271337
330162
240014
050116
140010
110161
110008
110252
110005
110087
330181
140252
101308
150035
150102
150006
450808
010086
030085
030148
040022
250042
130066
370192
450209
140130
470024
140242
140211
140286
140116
140281
351312
171348
180088
151334
021308
150069
070034
340195
340158
340014
340183
340171
340148
340190
340141
340053
340015
340085
490045
050131
330045
330043
330214
370093
331305
050067
450330
190106
230217
520196
310052
250050
451359
190053
011304
190002
251322
190011
190098
190317
190202
190036
250162
190274
250069
251323
191324
191302
190014
251335
190006
251316
501307
450661
281355
460005
181323
360085
360118
361313
360014
361324
380009
371327
370234
370215
370206
370078
370210
330103
241306
240006
500072
190302
370220
330115
340042
190017
111312
111323
161360
050746
051311
460043
100006
100032
100291
100092
100217
100051
100302
100030
030114
050030
060124
150160
520194
241342
171364
161345
140113
141318
140179
140093
140052
141337
140110
140012
141325
141310
231337
281347
390325
330218
501318
160089
040050
330011
190102
190312
190064
190270
500051
170176
310051
100329
240069
180004
180038
180070
041313
041331
050378
031304
491307
180078
450747
120026
310003
100316
100176
050204
100187
051339
050115
050636
451398
141341
390153
050024
141320
450196
460057
240053
190255
450015
260163
260779
300017
440156
050102
150045
451334
150091
151323
150146
450400
150021
151310
150101
440173
360041
100028
050697
231300
361300
281302
381316
381301
021311
501340
500050
500041
501329
330107
451389
420103
161367
351319
281349
050007
391312
390184
390086
391315
390056
390147
391307
390223
390336
390004
390339
390096
390226
201303
241373
450144
151322
291304
340159
050136
021304
450007
260017
330261
281362
171353
271312
110007
110044
111328
033302
390127
390324
450834
190241
440120
100286
110074
110028
110030
110064
110200
110192
110215
110191
110083
110201
110225
110229
110018
110091
110046
041330
050393
050471
261333
180044
141307
180154
271313
381310
431328
050342
320022
330331
531305
161305
511314
191316
360148
050231
271324
251308
271300
471307
050546
130028
300029
511315
390123
060010
531310
131304
271309
241379
170027
400001
320011
320021
320090
140174
140224
140180
140155
351316
511312
191308
463301
010103
420102
420086
420015
420106
420078
420033
420037
420038
420009
420018
420070
260219
250017
230005
361328
230099
360068
501312
500054
020001
050761
500019
050278
500077
381318
021306
050078
050353
380075
170146
281345
380082
050567
501326
380037
380061
050009
051318
500014
050235
050174
381303
021302
050006
501309
271343
050300
500002
500024
380004
050069
050168
021301
380038
140300
151305
390199
370158
370083
151333
111313
330231
501320
053303
363302
241322
510070
340123
240040
061307
263303
190026
491308
310039
390044
011302
141348
201314
050272
451377
451317
161328
390237
161343
050125
440152
280061
240106
321313
150048
290001
171361
260027
490107
340114
510013
410007
451312
190151
521341
191323
330028
390222
240056
161373
061301
450711
521321
521349
241334
191318
510012
050022
490143
140186
191313
360006
050292
460058
150059
310034
010046
241305
511306
440031
390079
310038
310048
310110
310024
141312
330125
281333
180115
450055
330215
050262
171311
271308
420087
420110
271327
140068
390322
450718
271346
390304
480001
271319
201306
371318
371316
151304
140063
140119
181330
490002
010065
171350
010158
340013
400007
251300
190218
100025
100292
380102
530008
210011
050093
130013
380052
130007
220020
140095
140233
310050
440228
370025
370218
370237
370091
140080
050104
140067
260183
140161
170009
050290
180143
060028
180010
140217
180011
140007
180064
150012
110082
260216
440218
061308
380056
070004
100047
281357
040088
250095
050135
440058
360086
260200
190300
240036
230002
110043
100288
330057
270003
050002
190045
061344
150153
520075
040137
010056
010173
070028
010130
011305
381315
170023
460021
030010
270014
010011
171323
070006
050441
050283
340119
450654
440068
330160
261330
131305
110032
671302
060076
190256
241363
171335
161350
271330
370779
370049
370780
041310
440200
490145
510038
451318
170074
170086
161333
521343
230071
330285
230779
210022
450860
151327
360020
290041
511310
511322
030062
530034
370225
501304
170198
330406
290003
330350
330393
230301
370201
390316
190251
051308
170017
050014
050498
050417
050537
050523
051329
050714
050108
050309
050291
050101
050766
050313
500026
140114
500152
500027
500025
451311
440084
451349
440018
281309
131315
500129
051328
251304
100128
100071
100249
110011
110015
011306
230100
110781
141339
050775
390026
390027
440153
440035
440056
150046
190008
131313
670125
453304
453319
450064
450891
450135
670085
450419
450148
450888
450779
450351
450639
670071
670260
670309
450677
450840
450462
450743
670068
450292
450771
670044
450804
453314
450324
281304
373303
013300
263302
070038
030108
010029
190316
010150
450893
670006
070035
450002
670124
181302
360016
340087
180013
181333
181318
181324
060100
450518
410012
520028
280013
280040
150168
341324
371314
120001
223304
190266
310119
140088
450690
331321
150149
670267
521355
521326
521346
521303
521334
520045
520160
190004
141300
010100
390174
510029
140115
230015
501324
180128
451339
080006
210019
110095
460052
351300
251337
250002
450080
391314
180149
451370
450774
050351
140077
190046
351331
670266
341319
171355
281348
050128
501332
420079
181304
310027
160104
230156
230174
230069
230066
230029
051315
271341
351305
160013
160016
140280
500053
440779
440161
180124
440194
440046
440065
440006
440197
440227
440150
391305
010126
260048
440231
030006
220116
180069
370216
361302
490115
450460
251312
180066
050025
100350
060022
060129
060130
060131
060132
061326
060049
140304
140292
140122
140065
150195
050570
050551
050589
050581
050348
050481
053301
100084
100113
360137
360075
360123
361307
220019
220001
220049
220163
210058
210049
340147
340061
110051
151326
150023
210032
420108
390041
330394
510006
241369
090008
330073
450010
040164
041332
330226
440007
351320
330411
160082
160001
520089
170191
260102
450213
440015
100224
330241
360145
360359
361308
360078
360002
290007
450686
190005
450024
010033
050599
360003
060024
140150
160029
160058
170016
170049
170040
180067
180141
210002
210043
210003
210035
210038
210037
210030
210063
231327
230236
230046
230208
250001
250168
260141
360048
460009
520098
320001
180040
180016
230108
230054
521352
390073
390117
390058
330239
393302
391313
390328
390150
390063
390233
390178
390016
391318
390068
390002
390101
390028
391301
390091
390107
390067
390164
390039
390102
391316
390045
301300
360174
110002
013301
010090
010087
050238
050124
450872
450389
450210
450475
450194
451367
451380
450083
670335
450044
490019
490144
451387
140228
040016
060096
450154
053300
370243
281353
390272
511309
310012
290021
500088
050126
301308
450662
060075
030117
141340
030022
131318
161337
161361
360071
440137
440144
440039
440193
330023
010118
490084
030007
161318
170200
050517
341318
340120
340107
340099
100315
100290
161349
490050
500005
310057
310029
310061
140084
440061
141327
450200
431315
370166
340173
340069
010089
381306
171337
451373
111316
141303
390146
531306
011300
141308
171351
261308
110086
050195
390042
040004
520116
050194
521327
161339
161358
181321
250077
361335
110124
390125
371323
281316
511301
301303
510023
131307
313302
510086
241367
100275
440012
440017
390151
390225
390013
390066
390327
390138
390046
110143
110184
110035
110034
110198
110042
110031
111319
110016
300018
170123
520139
050426
100268
190013
191327
360354
191306
290062
281343
190039
310022
100314
390090
441320
441316
440132
440060
130014
510001
330234
410013
030101
210027
330166
521345
531303
670333
100228
510072
271321
510050
501339
040014
330304
450678
180002
010112
501327
050735
171306
450584
120014
340064
390137
380071
501303
171383
070024
440029
510094
190111
390331
111325
340168
171344
340126
360013
070021
241332
451314
190090
431334
240044
250027
100052
010062
150104
190128
450674
360029
330396
450484
050127
151313
061309
261309
230146
331323
490111
070022
030012
451308
200020
020018
061315
030013
